184,71
184,70
184,69
184,68
184,67
184,66
184,65
184,64
184,35
184,34
184,33
184,32
184,31
184,30
184,29
184,28
184,27
184,26
184,25
184,24
184,23
184,22
184,21
184,20
184,19
184,18
184,17
184,16
184,15
184,14
184,13
184,12
184,11
184,10
184,9
184,8
184,7
184,6
184,5
184,4
184,3
184,2
184,1
184,0
183,3
183,2
183,1
183,0
182,3
20,2
182,2
20,1
182,1
182,0
181,3
181,2
20,3
181,1
181,0
180,3
180,2
180,1
180,0
179,3
19,2
179,2
19,1
179,1
179,0
178,5
178,4
178,3
19,3
178,2
178,1
178,0
177,3
177,2
177,1
177,0
176,4
176,3
176,2
176,1
176,0
175,3
175,2
175,1
175,0
174,3
174,2
174,1
174,0
173,3
173,2
173,1
173,0
172,3
172,2
18,1
172,1
172,0
171,1
171,3
18,3
171,2
165,10
165,9
165,8
165,7
165,6
165,5
165,1
14,6
14,1
165,4
153,14
153,13
153,12
153,11
153,10
153,9
153,8
14,7
153,7
153,6
14,3
13,1
153,5
153,1
13,3
153,4
150,6
150,5
133,30
133,29
133,28
133,27
133,26
133,25
133,24
133,23
133,22
133,21
133,20
133,19
133,18
133,17
133,16
133,15
133,14
133,13
133,12
133,11
133,10
133,9
133,8
133,7
133,6
133,5
133,1
133,4
129,5
129,1
2,2
2,1
129,4
127,8
127,7
127,6
2,3
127,5
127,1
127,4
0,0
212,34
212,33
212,32
212,31
212,30
212,29
212,28
212,27
212,26
212,25
212,24
212,23
212,22
212,21
212,20
212,19
212,18
212,17
212,16
212,15
212,14
212,13
212,12
212,11
212,10
212,9
212,8
212,7
212,6
212,5
212,4
212,3
212,2
212,0
0,276
0,275
0,272
0,271
0,12
0,541
0,10
0,8
0,537
0,454
0,268
0,536
0,453
0,267
0,521
0,452
0,266
0,520
0,451
0,265
0,519
0,450
0,264
0,518
0,449
